Scenario 1 AODV n
10 920.097
20 1081.72
30 1057.07 
40 1768.6
50 1670.22
60 1903.21
70 4937.6
80 9110.89
90 23018.7
100 24265.8

Scenario 1 TORA n
10 2520.18
20 1340.14
30 1302.99
40 10390.64
50 14240.84
60 12480.52
80 14070.84
100 16200.63

Scenario 2 AODV n/2 communications 50ms
10 195.096
20 374.94
30 5114.1
40 10869.6
50 14153.9
60 16737.6
70 19821.7
80 20603.9
90 21863.3
100 22894.5


Scenario 2 TORA n/2 communications 
10 11.9079
20 515.106
30 897.802
40 889.879
50 850.2
70 1192.97 
80 1414.2
100 1297.97

Scenario 3 AODV   n/2 communications
10 1975.58
20 1694.08
30 4677.38
40 4143.91
50 4287.7
70 6122.3
90 9131.2
100 9008.05

Scenario 3 tora   n/2 communications 1000*1000 5ms
10 598.9
20 844.534
30 3005.4
50 1278.5
80 899.071
100 652

Scenario 3 toran/2 communications 100*100 5ms
10 14.32
20 192.423
30 535.54
40 1098.86
60 1044.75
70 1017.02
80 1313.23
100 1342.07

Scenario 3 toran communications 100*100 5ms
10 340.556
20 502.3
30 740.635
40 1194.38
50 1345.74
60 1269.3
70 1143.89
80 1547.72
100 1979.84

Scenario 3 tora   n communications 1000*1000 5ms
10 1218.03
20 1517
30 1088.4
50 1972.2
80 656.4
100 911.2


Scenario 3 AODV   n communications 1000*1000
10 15874.8
20 6671.57
50 5975.5
70 18507.3
90 23039.4
90 18784


Scenario 3 AODV   n communications 100*100
10 905.495
20 944.076
30 1212.85
40 1193.93
50 1775.3
60 2368.15
70 2603.25
80 2745.6
100 2193.92

Scenario 3 AODV n/2communications 100*100 5ms
10 264.9
20 878.484
30 1603
40 1687.71
50 2716.76
60 2341.02
80 2616.46
100 2816.58

