Scenario 1 AODV
10 0.831
20 0.744
30 0.683
40 0.554
50 0.543
60 0.445
70 0.244
80 0.151
90 0.036
100 0.012


Scenario 1 TORA
10 0.311
20 0.323
30 0.002
40 0.007
50 0.004
60 0.005
80 0.003
100 0.002
Scenario 2 AODV n/2 communications
10 0.733
20 0.605
30 0.402
40 0.258
50 0.227
60 0.161
70 0.126
80 0.103
90 0.09
100 0.089

Scenario 2 TORA n/2 communications 
10 0.008
20 0.008
30 0.006
40 0.006
50 0.007
70 0.002
80 0.002
100 0.002
Scenario 2 AODV   n/2 communications
10 0.492
20 0.360
30 0.207
40 0.148
50 0.139
70 0.086
90 0.056
100 0.057

Scenario 3 tora   n/2 communications 1000*1000
10 0.006
20 0.001
30 0.001
50 0.001
60 0.005
70 0.004
80 0.002
100 0.002
Scenario 3 toran/2 communications 100*100
10 0.008
20 0.008
30 0.007
40 0.005
60 0.005
70 0.003
80 0.003
100 0.002
Scenario 3 toran communications 100*100
10 0.011
20 0011
30 0.010
40 0.009
50 0.007

Scenario 3 tora   n communications 1000*1000
10 0.006
20 0.002
30 0.001
50 0.001
000000
Scenario 3 AODV   n communications 1000*1000
10 0.385
70 0.065
90 0.01
100 0.0111



Scenario 3 AODV   n communications 100*100
10 0.291
20 0.231
30 0.138
40 0.131
50 0.099
60 0.056
70 0.041
80 0.021
100 0.006

Scenario 3 AODV n/2communications 100*100 5ms
10 0.263
20 0.124
30 0.102
40 0.049
50 0.020
60 0.025
80 0.011
100 0.012
