Scenario 1 AODV n communications
10 98.20 
20 98.00
30 98.13
40 96.80
50 97.04
60 96.83
70 90.91
80 82.33
90 38.36
100  15.50

Scenario 1 TORA   n com
10 90
20 94.70
30 95.87
40 68.50
50 44 
60 45.33
80 30.75
100 16

Scenario 2 AODV n/2 communications 
10 100
20 99.66
30 83.87
40 71.60
50 61.52
60 54.53
70 50.80
80 45.5
90 42.00
100 37.64

Scenario 2 TORA n/2 communications 
10 100
20 99
30 78.67
40 78
50 80
70 40
80 30
100 27.60
 
Scenario 3 AODV   n/2 communications 1000*1000
10 95.20
20 94.80
30 88.80
40 89.80
50 88.09
70 85.14
90 77.56
100 77





Scenario 3 toran/2 communications 1000*1000
10 68
20 34
30 12
50 13
70 8
80 5

Scenario 3 toran/2 communications 100*100
10 100
20 96
30 88
40 69
60 63.2
70 46.86
80 39
100 26.80

Scenario 3 toran communications 100*100
10 88
20 87
30 83.33
40 72.50
50 60.80
60 51.33
70 42.86
80 21.75 
100 16 
Scenario 3 tora   n communications 1000*1000
10 50 
20 23
30 15.6
50  8
80 5
100 3

Scenario 3 AODV   n communications 1000*1000
10 62.40 
20 82.9
50 83
70 58.74
90 15
100 14

Scenario 3 AODV   n communications 100*100
10 82
20 80
30 77.33
40 79
50 81.20
60 57.67
70 42.57
80 26.74
100 8.80

Scenario 3 AODV n/2communications 100*100
10 100
20 80
30 57.33
40 45
50 18.40
60 20
80 12.5
100 12


